saveMD5 = 38a81d27341a8adb0eacd6b254924449
vesselCount = 0
UT = 263628.32529043371
gameMode = CAREER
gameNull = False
gameCompatible = True
funds = 1106856.3072532055
science = 28
reputationPercent = 39
ongoingContracts = 0
saveMD5 = 38a81d27341a8adb0eacd6b254924449
